t: [[0 1 0]
 [0 0 1]
 [1 0 0]
 [1 0 0]
 [0 0 1]
 [0 1 0]
 [1 0 0]
 [0 0 1]
 [0 0 1]
 [0 0 1]
 [0 0 1]
 [1 0 0]
 [0 0 1]
 [0 1 0]
 [0 1 0]
 [1 0 0]
 [0 0 1]
 [1 0 0]
 [0 1 0]
 [0 0 1]
 [0 0 1]
 [1 0 0]
 [0 1 0]
 [1 0 0]
 [0 1 0]
 [1 0 0]
 [0 1 0]
 [1 0 0]
 [0 0 1]
 [0 0 1]]
score: [[ 0.01450503 -0.0240069  -0.01211025]
 [ 0.01444458 -0.02402489 -0.01226833]
 [ 0.01449471 -0.02398034 -0.01206797]
 [ 0.0144352  -0.02394289 -0.01209461]
 [ 0.01442329 -0.02402099 -0.01230006]
 [ 0.01455436 -0.02398924 -0.0119743 ]
 [ 0.01449762 -0.02397659 -0.01205361]
 [ 0.01438348 -0.02397212 -0.01226218]
 [ 0.01440145 -0.02401296 -0.01232318]
 [ 0.01437062 -0.02399187 -0.01233303]
 [ 0.01442773 -0.02396708 -0.01216549]
 [ 0.01442247 -0.02394607 -0.01212648]
 [ 0.01443878 -0.0239665  -0.01214293]
 [ 0.01444272 -0.02399062 -0.01219177]
 [ 0.01455371 -0.02398733 -0.01197107]
 [ 0.01449623 -0.02398016 -0.01206463]
 [ 0.01445273 -0.02396849 -0.01212081]
 [ 0.01443615 -0.02395282 -0.01211601]
 [ 0.0144469  -0.02398416 -0.01216863]
 [ 0.01446207 -0.02397078 -0.01210823]
 [ 0.01437953 -0.02397763 -0.01228265]
 [ 0.01446049 -0.02397959 -0.01213188]
 [ 0.01456869 -0.02395739 -0.01187233]
 [ 0.0145075  -0.02397541 -0.0120319 ]
 [ 0.01450531 -0.02400233 -0.01209903]
 [ 0.01449276 -0.02396644 -0.0120392 ]
 [ 0.01444343 -0.02398647 -0.01218069]
 [ 0.01447932 -0.02397963 -0.01209583]
 [ 0.01446127 -0.02397842 -0.01212764]
 [ 0.01441711 -0.02396518 -0.01218143]]
sf: [[0.34060456 0.32773659 0.33165885]
 [0.34061085 0.32775656 0.33163259]
 [0.3405945  0.327739   0.3316665 ]
 [0.34057996 0.32775679 0.33166324]
 [0.34060921 0.32776325 0.33162754]
 [0.34059831 0.3277202  0.33168149]
 [0.34059311 0.32773794 0.33166894]
 [0.34059054 0.32777434 0.33163512]
 [0.34060603 0.32776997 0.33162401]
 [0.34059786 0.32777913 0.33162301]
 [0.34058899 0.32776    0.33165101]
 [0.34058106 0.32776098 0.33165796]
 [0.34058886 0.32775644 0.3316547 ]
 [0.34059796 0.327756   0.33164605]
 [0.34059759 0.32772034 0.33168207]
 [0.34059444 0.32773851 0.33166705]
 [0.34058972 0.32775204 0.33165824]
 [0.3405837  0.32775682 0.33165947]
 [0.34059556 0.32775444 0.33165   ]
 [0.34059065 0.32774913 0.33166022]
 [0.34059258 0.32777579 0.33163163]
 [0.34059395 0.32774994 0.33165612]
 [0.34058645 0.32771453 0.33169901]
 [0.34059275 0.32773474 0.33167251]
 [0.34060284 0.32773635 0.33166081]
 [0.34058926 0.32773916 0.33167158]
 [0.3405964  0.32775563 0.33164797]
 [0.34059411 0.32774391 0.33166198]
 [0.34059352 0.32774964 0.33165684]
 [0.3405882  0.32776334 0.33164847]]
loss: 1.0979835927063497
t: [[0 1 0]
 [1 0 0]
 [0 1 0]
 [0 1 0]
 [0 1 0]
 [1 0 0]
 [0 0 1]
 [0 1 0]
 [0 0 1]
 [1 0 0]
 [1 0 0]
 [0 1 0]
 [0 1 0]
 [0 0 1]
 [0 0 1]
 [0 1 0]
 [0 0 1]
 [1 0 0]
 [1 0 0]
 [0 0 1]
 [1 0 0]
 [0 1 0]
 [1 0 0]
 [0 1 0]
 [1 0 0]
 [0 0 1]
 [0 0 1]
 [1 0 0]
 [0 0 1]
 [0 0 1]]
score: [[-0.01092813 -0.23816516  0.22743358]
 [-0.01100731 -0.23831981  0.22758964]
 [-0.0107919  -0.23797098  0.22742816]
 [-0.01079878 -0.23798382  0.22743951]
 [-0.01084337 -0.23801742  0.22733167]
 [-0.01101622 -0.23833184  0.22758756]
 [-0.01093975 -0.23819908  0.22749754]
 [-0.010939   -0.23816936  0.22739269]
 [-0.01092021 -0.23815665  0.22744339]
 [-0.01092474 -0.23820368  0.22759214]
 [-0.01087352 -0.23809318  0.22745284]
 [-0.01094402 -0.23818254  0.22741486]
 [-0.01078501 -0.23796869  0.22745547]
 [-0.01099988 -0.23827669  0.22747029]
 [-0.01102322 -0.23830525  0.22745397]
 [-0.01088154 -0.23807375  0.22734023]
 [-0.01100572 -0.23828486  0.22746992]
 [-0.01088328 -0.23812767  0.22752857]
 [-0.01087174 -0.23809076  0.2274532 ]
 [-0.01102051 -0.23826832  0.22733283]
 [-0.01095563 -0.2382469   0.22759035]
 [-0.01092452 -0.23816017  0.227434  ]
 [-0.01107291 -0.23839618  0.22752954]
 [-0.0108388  -0.23801062  0.2273304 ]
 [-0.01103773 -0.23835859  0.22757409]
 [-0.01103462 -0.23830127  0.2273804 ]
 [-0.01100207 -0.23828276  0.22748118]
 [-0.01088353 -0.23812084  0.22750224]
 [-0.01103236 -0.23829008  0.22735113]
 [-0.01101568 -0.23828805  0.22743009]]
sf: [[0.32616849 0.25986884 0.41396267]
 [0.32614312 0.25982902 0.41402786]
 [0.3261827  0.25989523 0.41392207]
 [0.32618075 0.25989212 0.41392713]
 [0.32618835 0.25990104 0.41391061]
 [0.32614246 0.25982769 0.41402985]
 [0.32616017 0.25985642 0.4139834 ]
 [0.32617198 0.25987335 0.41395467]
 [0.32616818 0.25986875 0.41396306]
 [0.32615109 0.25984409 0.41400482]
 [0.32617179 0.25987599 0.41395223]
 [0.326169   0.25986886 0.41396214]
 [0.32618034 0.25989215 0.41392752]
 [0.32615722 0.25984952 0.41399326]
 [0.32615671 0.25984777 0.41399552]
 [0.32618359 0.25989252 0.4139239 ]
 [0.32615667 0.25984849 0.41399484]
 [0.32616234 0.25986203 0.41397562]
 [0.32617193 0.25987626 0.41395181]
 [0.32617053 0.25986767 0.4139618 ]
 [0.3261482  0.25983859 0.41401321]
 [0.3261688  0.25986945 0.41396174]
 [0.32614329 0.25982636 0.41403035]
 [0.32618895 0.2599021  0.41390895]
 [0.32614182 0.25982581 0.41403236]
 [0.3261638  0.25985741 0.41397879]
 [0.32615578 0.25984737 0.41399685]
 [0.32616526 0.2598662  0.41396853]
 [0.3261673  0.25986252 0.41397018]
 [0.32616014 0.259853   0.41398686]]
loss: 1.116609946800321
t: [[0 1 0]
 [1 0 0]
 [1 0 0]
 [1 0 0]
 [0 0 1]
 [1 0 0]
 [1 0 0]
 [1 0 0]
 [0 1 0]
 [0 0 1]
 [0 1 0]
 [1 0 0]
 [0 1 0]
 [0 1 0]
 [0 0 1]
 [0 1 0]
 [1 0 0]
 [0 1 0]
 [0 0 1]
 [0 0 1]
 [1 0 0]
 [0 1 0]
 [1 0 0]
 [0 0 1]
 [1 0 0]
 [0 0 1]
 [0 1 0]
 [1 0 0]
 [0 1 0]
 [0 0 1]]
score: [[ 0.01457672  0.01832831 -0.05415383]
 [ 0.01433248  0.01838515 -0.05479298]
 [ 0.01433126  0.01838661 -0.0547958 ]
 [ 0.01448326  0.01834178 -0.05440119]
 [ 0.01446715  0.01835212 -0.05444113]
 [ 0.01436529  0.01841038 -0.05469612]
 [ 0.01448934  0.01837521 -0.05437359]
 [ 0.01450351  0.01835344 -0.05434269]
 [ 0.01445264  0.01834925 -0.0544812 ]
 [ 0.01438882  0.01837914 -0.05464318]
 [ 0.01458237  0.01834998 -0.05413132]
 [ 0.01438951  0.01840991 -0.05463099]
 [ 0.01448777  0.01831596 -0.0543977 ]
 [ 0.01455686  0.01837901 -0.05419034]
 [ 0.01438066  0.01835617 -0.05467287]
 [ 0.01449614  0.01830639 -0.05437835]
 [ 0.01446281  0.01835037 -0.05445341]
 [ 0.0145104   0.01831001 -0.0543387 ]
 [ 0.01437636  0.01833049 -0.05469307]
 [ 0.01446042  0.01836332 -0.05445551]
 [ 0.01449635  0.01834097 -0.05436616]
 [ 0.01458117  0.01832094 -0.05414429]
 [ 0.0144466   0.01839431 -0.05448236]
 [ 0.01438218  0.01835822 -0.05466809]
 [ 0.01448274  0.01834384 -0.05440189]
 [ 0.01445497  0.0183738  -0.05446668]
 [ 0.01449791  0.01831155 -0.05437183]
 [ 0.01449837  0.01834582 -0.0543591 ]
 [ 0.0144619   0.01832424 -0.05446462]
 [ 0.0144073   0.01831273 -0.05461563]]
sf: [[0.34044444 0.34172405 0.31783151]
 [0.34045213 0.34183467 0.31771319]
 [0.34045199 0.34183545 0.31771256]
 [0.34044865 0.34176482 0.31778653]
 [0.34044815 0.34177336 0.31777849]
 [0.34044609 0.34182601 0.3177279 ]
 [0.34044314 0.34176863 0.31778822]
 [0.34044551 0.34175873 0.31779575]
 [0.34044956 0.34177875 0.31777168]
 [0.34044928 0.34181049 0.31774023]
 [0.34044075 0.34172582 0.31783342]
 [0.34044453 0.34181601 0.31773945]
 [0.34045229 0.34175811 0.3177896 ]
 [0.34043803 0.34174173 0.31782024]
 [0.34045333 0.3418095  0.31773717]
 [0.34045319 0.34175288 0.31779393]
 [0.34044871 0.3417748  0.31777649]
 [0.34045168 0.34174773 0.31780059]
 [0.34045754 0.34180642 0.31773604]
 [0.34044689 0.34177822 0.31777488]
 [0.3404479  0.34175931 0.31779279]
 [0.34044527 0.34172084 0.3178339 ]
 [0.34044309 0.34178972 0.31776719]
 [0.34045292 0.34180927 0.31773782]
 [0.34044837 0.34176542 0.31778621]
 [0.34044566 0.34178243 0.31777191]
 [0.34045228 0.34175312 0.31779459]
 [0.34044702 0.3417594  0.31779358]
 [0.34045276 0.34177025 0.31777699]
 [0.34045818 0.34179041 0.31775141]]
loss: 1.0946200952037541
t: [[0 0 1]
 [0 0 1]
 [0 0 1]
 [1 0 0]
 [0 1 0]
 [1 0 0]
 [1 0 0]
 [0 1 0]
 [1 0 0]
 [1 0 0]
 [0 1 0]
 [0 1 0]
 [0 1 0]
 [0 0 1]
 [0 0 1]
 [1 0 0]
 [1 0 0]
 [1 0 0]
 [0 1 0]
 [0 1 0]
 [0 0 1]
 [0 0 1]
 [0 1 0]
 [1 0 0]
 [0 1 0]
 [0 1 0]
 [0 1 0]
 [0 1 0]
 [1 0 0]
 [1 0 0]]
score: [[ 0.22343529 -0.0122731  -0.23312075]
 [ 0.2234678  -0.01225037 -0.23305904]
 [ 0.22348212 -0.01225824 -0.23312633]
 [ 0.22334453 -0.0122117  -0.23263329]
 [ 0.22312342 -0.01221906 -0.23227509]
 [ 0.22331032 -0.01223538 -0.23269699]
 [ 0.22357985 -0.01226345 -0.2333294 ]
 [ 0.22313454 -0.01220426 -0.23221685]
 [ 0.22331297 -0.01223658 -0.23270811]
 [ 0.22329696 -0.01223054 -0.23264744]
 [ 0.22316951 -0.01224283 -0.23248348]
 [ 0.22314366 -0.01220175 -0.23222   ]
 [ 0.2233367  -0.01224435 -0.23279176]
 [ 0.2233525  -0.0122306  -0.2327475 ]
 [ 0.22342403 -0.0122689  -0.23307836]
 [ 0.2232961  -0.01221946 -0.23258734]
 [ 0.22342575 -0.01220863 -0.23276294]
 [ 0.22349797 -0.01221308 -0.23291613]
 [ 0.22312878 -0.01220634 -0.23221751]
 [ 0.22333592 -0.0122501  -0.23282075]
 [ 0.22345277 -0.01223748 -0.23296391]
 [ 0.22348421 -0.0122496  -0.23308442]
 [ 0.22325543 -0.01218443 -0.2323292 ]
 [ 0.2233003  -0.01223564 -0.23268036]
 [ 0.22314145 -0.01221897 -0.232307  ]
 [ 0.22334121 -0.01224538 -0.23280531]
 [ 0.22325805 -0.01225112 -0.2326863 ]
 [ 0.22308387 -0.01222404 -0.23223041]
 [ 0.223344   -0.0122134  -0.23264133]
 [ 0.22361352 -0.01225546 -0.23334764]]
sf: [[0.41263104 0.32598307 0.26138588]
 [0.41262921 0.32597843 0.26139235]
 [0.412641   0.32598051 0.26137849]
 [0.41254821 0.32596723 0.26148456]
 [0.41245697 0.3259648  0.26157822]
 [0.41254998 0.32597205 0.26147797]
 [0.41268729 0.32598352 0.26132919]
 [0.41245139 0.32596159 0.26158701]
 [0.41255198 0.32597238 0.26147564]
 [0.41254074 0.32597069 0.26148857]
 [0.41249382 0.32597115 0.26153503]
 [0.4124536  0.32596119 0.26158521]
 [0.4125678  0.32597461 0.26145759]
 [0.412565   0.32597174 0.26146326]
 [0.41262318 0.3259819  0.26139493]
 [0.41253256 0.32596812 0.26149932]
 [0.41258147 0.32596803 0.26145051]
 [0.41261609 0.32597039 0.26141352]
 [0.41245035 0.32596197 0.26158768]
 [0.41257151 0.32597593 0.26145257]
 [0.41261357 0.32597518 0.26141124]
 [0.41263582 0.32597856 0.26138562]
 [0.41249015 0.32595928 0.26155058]
 [0.41254579 0.32597193 0.26148229]
 [0.41246477 0.32596512 0.26157011]
 [0.41257049 0.32597494 0.26145457]
 [0.41253827 0.32597471 0.26148702]
 [0.41244324 0.32596522 0.26159155]
 [0.41254918 0.32596761 0.26148321]
 [0.41269634 0.3259823  0.26132136]]
loss: 1.0860629714700503
t: [[0 0 1]
 [1 0 0]
 [0 0 1]
 [1 0 0]
 [0 1 0]
 [0 1 0]
 [0 1 0]
 [1 0 0]
 [1 0 0]
 [0 0 1]
 [1 0 0]
 [0 1 0]
 [0 1 0]
 [0 0 1]
 [0 0 1]
 [0 0 1]
 [0 1 0]
 [1 0 0]
 [0 1 0]
 [0 0 1]
 [0 1 0]
 [1 0 0]
 [0 0 1]
 [0 0 1]
 [1 0 0]
 [1 0 0]
 [0 0 1]
 [0 0 1]
 [0 1 0]
 [0 0 1]]
score: [[ 0.06330861  0.24562905 -0.33063372]
 [ 0.06325319  0.24579536 -0.33110668]
 [ 0.06330037  0.24550618 -0.33044639]
 [ 0.06329989  0.24589812 -0.33113215]
 [ 0.06330354  0.24520887 -0.32991695]
 [ 0.06329002  0.24552366 -0.33051101]
 [ 0.06327505  0.24545292 -0.33043685]
 [ 0.06330936  0.24543975 -0.3303008 ]
 [ 0.06334001  0.24577367 -0.33078271]
 [ 0.06323307  0.24550119 -0.33065945]
 [ 0.06330929  0.24586822 -0.33104901]
 [ 0.06329465  0.24551676 -0.33048371]
 [ 0.0632742   0.24528768 -0.33015121]
 [ 0.06329862  0.24550064 -0.33044248]
 [ 0.06330563  0.24551641 -0.33044693]
 [ 0.06330387  0.24551336 -0.33044739]
 [ 0.06330618  0.2451874  -0.32987078]
 [ 0.06333667  0.2455358  -0.33037849]
 [ 0.06334347  0.24527814 -0.32990629]
 [ 0.06331077  0.24557708 -0.33053589]
 [ 0.06333281  0.24526501 -0.32991849]
 [ 0.06334765  0.2455818  -0.33042262]
 [ 0.06322187  0.24529837 -0.33034231]
 [ 0.06327364  0.24569191 -0.33085872]
 [ 0.06329594  0.24546617 -0.33039114]
 [ 0.06330369  0.2454192  -0.33028362]
 [ 0.06324885  0.24504512 -0.32981131]
 [ 0.06322914  0.24545293 -0.33058816]
 [ 0.06326309  0.24532333 -0.33025005]
 [ 0.06330552  0.24566893 -0.33071352]]
sf: [[0.34789971 0.41747918 0.23462111]
 [0.34790157 0.417574   0.23452442]
 [0.34790039 0.41743215 0.23466746]
 [0.34789932 0.4175947  0.23450598]
 [0.34790104 0.41730752 0.23479143]
 [0.34790078 0.41744423 0.23465499]
 [0.3479016  0.41742194 0.23467646]
 [0.34790019 0.41740043 0.23469938]
 [0.34789799 0.41752438 0.23457763]
 [0.34790324 0.41746158 0.23463518]
 [0.34789901 0.41757792 0.23452306]
 [0.3479006  0.41743921 0.23466019]
 [0.34790208 0.4173539  0.23474402]
 [0.34790048 0.41743067 0.23466885]
 [0.34790014 0.41743393 0.23466593]
 [0.34790022 0.41743348 0.23466629]
 [0.34790099 0.4172974  0.23480162]
 [0.34789878 0.41742743 0.23467379]
 [0.34789918 0.41731753 0.2347833 ]
 [0.34789976 0.41745665 0.23464359]
 [0.34789966 0.41731708 0.23478326]
 [0.34789819 0.41744135 0.23466046]
 [0.34790426 0.41738282 0.23471292]
 [0.34790101 0.41752159 0.23457741]
 [0.34790069 0.41741765 0.23468166]
 [0.34790049 0.41739457 0.23470494]
 [0.34790378 0.4172653  0.23483092]
 [0.34790354 0.41744343 0.23465303]
 [0.34790245 0.41737386 0.23472368]
 [0.34789973 0.41749715 0.23460313]]
loss: 1.1587347173735372
t: [[1 0 0]
 [1 0 0]
 [0 1 0]
 [0 0 1]
 [0 1 0]
 [0 0 1]
 [1 0 0]
 [0 1 0]
 [1 0 0]
 [0 1 0]
 [0 0 1]
 [0 1 0]
 [1 0 0]
 [0 1 0]
 [0 1 0]
 [0 1 0]
 [0 0 1]
 [0 0 1]
 [0 1 0]
 [1 0 0]
 [0 1 0]
 [0 0 1]
 [0 0 1]
 [0 0 1]
 [0 0 1]
 [0 0 1]
 [0 0 1]
 [0 0 1]
 [1 0 0]
 [0 0 1]]
score: [[-0.10344755 -0.16556534  0.24743633]
 [-0.10345851 -0.16557681  0.24744701]
 [-0.10345894 -0.16555346  0.24733362]
 [-0.10348746 -0.16561602  0.24751796]
 [-0.10331258 -0.1654018   0.2471978 ]
 [-0.10356777 -0.16569817  0.24758739]
 [-0.10369486 -0.16579162  0.24752233]
 [-0.10334106 -0.16550696  0.24758608]
 [-0.10347942 -0.16563394  0.24763607]
 [-0.10347795 -0.16557583  0.24736404]
 [-0.10347054 -0.16559472  0.24748422]
 [-0.1032954  -0.16540306  0.24727304]
 [-0.10344041 -0.16556008  0.24743994]
 [-0.10330098 -0.16546125  0.24752894]
 [-0.10337272 -0.16546542  0.24725984]
 [-0.10345738 -0.16555332  0.24733921]
 [-0.10346458 -0.16558698  0.24747124]
 [-0.10355717 -0.1656865   0.24757424]
 [-0.10346606 -0.16556418  0.2473562 ]
 [-0.10371721 -0.16585069  0.24771484]
 [-0.10329538 -0.16544588  0.247478  ]
 [-0.10350641 -0.16557439  0.24724245]
 [-0.10361203 -0.16570546  0.24744392]
 [-0.10350183 -0.16563441  0.24754799]
 [-0.10348483 -0.16561285  0.24751338]
 [-0.10357839 -0.16570738  0.24758864]
 [-0.10354185 -0.1656142   0.24729013]
 [-0.10352035 -0.16564736  0.24753536]
 [-0.10369112 -0.16581386  0.24764379]
 [-0.10349662 -0.16562655  0.24753142]]
sf: [[0.29761067 0.27968623 0.4227031 ]
 [0.29760799 0.27968357 0.42270844]
 [0.29762022 0.27970171 0.42267806]
 [0.29759628 0.27966969 0.42273403]
 [0.29765528 0.27973614 0.42260858]
 [0.29757759 0.27965162 0.42277079]
 [0.29756699 0.27965106 0.42278195]
 [0.29760923 0.27967142 0.42271934]
 [0.29758459 0.27965145 0.42276396]
 [0.29761428 0.27969519 0.42269052]
 [0.29760229 0.27967656 0.42272115]
 [0.29764951 0.27972556 0.42262493]
 [0.29761127 0.27968627 0.42270246]
 [0.29762099 0.27968405 0.42269495]
 [0.2976402  0.279721   0.42263881]
 [0.29761983 0.27970095 0.42267921]
 [0.29760452 0.27967916 0.42271632]
 [0.29758049 0.27965464 0.42276487]
 [0.29761679 0.27969748 0.42268574]
 [0.29754301 0.27961826 0.42283873]
 [0.2976273  0.2796927  0.42268   ]
 [0.29762351 0.27971223 0.42266426]
 [0.297587   0.27967079 0.42274221]
 [0.29759103 0.27966363 0.42274534]
 [0.29759714 0.27967065 0.42273221]
 [0.29757598 0.2796505  0.42277352]
 [0.29761342 0.27970152 0.42268506]
 [0.29758982 0.27966406 0.42274612]
 [0.29755434 0.27963191 0.42281375]
 [0.29759355 0.27966674 0.42273971]]
loss: 1.0805962990023197
t: [[1 0 0]
 [0 0 1]
 [0 0 1]
 [0 1 0]
 [1 0 0]
 [0 1 0]
 [0 1 0]
 [1 0 0]
 [0 0 1]
 [0 1 0]
 [0 0 1]
 [0 0 1]
 [0 0 1]
 [0 0 1]
 [0 1 0]
 [0 1 0]
 [1 0 0]
 [1 0 0]
 [0 1 0]
 [0 1 0]
 [1 0 0]
 [1 0 0]
 [1 0 0]
 [1 0 0]
 [1 0 0]
 [0 0 1]
 [0 1 0]
 [1 0 0]
 [1 0 0]
 [0 1 0]]
score: [[-0.32762059  0.02095741  0.28511873]
 [-0.32678673  0.0208521   0.28428571]
 [-0.32750814  0.02093044  0.28495683]
 [-0.32685451  0.02089885  0.2845017 ]
 [-0.32799003  0.02090593  0.28510676]
 [-0.32734029  0.02091305  0.28480392]
 [-0.32716029  0.02097029  0.28493461]
 [-0.32786573  0.0209347   0.28515525]
 [-0.32673837  0.02085931  0.28428911]
 [-0.32701468  0.02089204  0.28455673]
 [-0.3273575   0.02092302  0.2848514 ]
 [-0.32743803  0.02093042  0.28492107]
 [-0.32767564  0.02092082  0.28500467]
 [-0.32765387  0.02091239  0.28496086]
 [-0.32694881  0.02089334  0.2845283 ]
 [-0.32735636  0.02090985  0.28479969]
 [-0.32729912  0.0209143   0.28478786]
 [-0.32794793  0.02093051  0.2851808 ]
 [-0.32727302  0.02089654  0.28470563]
 [-0.32729903  0.02089303  0.28470521]
 [-0.32787794  0.02094279  0.28519287]
 [-0.32787464  0.02094661  0.28520602]
 [-0.32798883  0.02093724  0.28522773]
 [-0.32754223  0.02095318  0.28506246]
 [-0.32758837  0.02095435  0.28509049]
 [-0.32764859  0.02089716  0.28489905]
 [-0.32708184  0.02089469  0.2846012 ]
 [-0.32723065  0.02091345  0.2847497 ]
 [-0.32732175  0.02094684  0.2849257 ]
 [-0.32701406  0.02096198  0.284828  ]]
sf: [[0.2346024  0.33244359 0.43295401]
 [0.23484504 0.33247501 0.43267995]
 [0.23464115 0.33245213 0.43290672]
 [0.23480726 0.33245961 0.43273314]
 [0.2345413  0.3324627  0.432996  ]
 [0.23468818 0.33245718 0.43285464]
 [0.23470277 0.33243704 0.4328602 ]
 [0.23455645 0.33245241 0.43299114]
 [0.23485282 0.33247235 0.43267484]
 [0.23477342 0.33246268 0.4327639 ]
 [0.23467949 0.33245391 0.4328666 ]
 [0.23465737 0.3324518  0.43289082]
 [0.23460696 0.33245618 0.43293687]
 [0.23461597 0.33245891 0.43292511]
 [0.23478804 0.33246192 0.43275004]
 [0.23468597 0.33245834 0.43285569]
 [0.23469711 0.33245656 0.43284633]
 [0.23453943 0.33245421 0.43300636]
 [0.23471154 0.33246242 0.43282605]
 [0.23470718 0.33246373 0.43282909]
 [0.23454981 0.33244974 0.43300045]
 [0.23454877 0.33244844 0.4330028 ]
 [0.23452679 0.33245214 0.43302107]
 [0.23462252 0.33244464 0.43293284]
 [0.2346113  0.33244446 0.43294424]
 [0.23462439 0.33246402 0.43291159]
 [0.23475663 0.33246211 0.43278125]
 [0.23471335 0.33245652 0.43283013]
 [0.2346765  0.33244571 0.43287778]
 [0.23474052 0.33243912 0.43282036]]
loss: 1.1703308780102593
t: [[0 1 0]
 [0 1 0]
 [0 1 0]
 [1 0 0]
 [0 0 1]
 [0 1 0]
 [1 0 0]
 [0 1 0]
 [1 0 0]
 [0 0 1]
 [0 0 1]
 [1 0 0]
 [0 0 1]
 [0 1 0]
 [0 0 1]
 [1 0 0]
 [0 1 0]
 [1 0 0]
 [1 0 0]
 [0 0 1]
 [1 0 0]
 [0 1 0]
 [0 0 1]
 [0 1 0]
 [0 0 1]
 [0 0 1]
 [0 1 0]
 [1 0 0]
 [0 1 0]
 [0 0 1]]
score: [[ 0.25030818  0.02306852 -0.2949465 ]
 [ 0.25026256  0.02310379 -0.29466783]
 [ 0.25041831  0.02314045 -0.29478898]
 [ 0.25051674  0.02311463 -0.29512453]
 [ 0.25045807  0.0230494  -0.29535068]
 [ 0.25051226  0.02314664 -0.29494625]
 [ 0.25040885  0.02310674 -0.29494809]
 [ 0.25038464  0.02307382 -0.29507313]
 [ 0.25051367  0.02311668 -0.29510749]
 [ 0.25023982  0.02303778 -0.29497074]
 [ 0.25021262  0.02303747 -0.2949174 ]
 [ 0.25054279  0.02305032 -0.29551715]
 [ 0.25031321  0.02303838 -0.29511597]
 [ 0.25040007  0.02307446 -0.29510094]
 [ 0.25032763  0.02303135 -0.2951823 ]
 [ 0.25060995  0.02310776 -0.29534933]
 [ 0.25037623  0.02313498 -0.2947328 ]
 [ 0.25038796  0.02309186 -0.29498448]
 [ 0.25041504  0.02310842 -0.2949517 ]
 [ 0.25050296  0.02309369 -0.29520736]
 [ 0.25041207  0.02308621 -0.29506311]
 [ 0.25026692  0.02309957 -0.29469893]
 [ 0.25051533  0.02306801 -0.29536811]
 [ 0.25042765  0.0230815  -0.29511952]
 [ 0.25052     0.02308643 -0.2952802 ]
 [ 0.25043408  0.02309195 -0.29507725]
 [ 0.25040946  0.02313863 -0.2947807 ]
 [ 0.25039198  0.02310246 -0.29493657]
 [ 0.25040039  0.0230726  -0.29511141]
 [ 0.25053747  0.02308824 -0.29530594]]
sf: [[0.42080034 0.33526418 0.24393549]
 [0.42075564 0.33525568 0.24398868]
 [0.42080086 0.33525179 0.24394735]
 [0.42086294 0.33525958 0.24387748]
 [0.42088105 0.33527182 0.24384713]
 [0.42083903 0.33525277 0.2439082 ]
 [0.42081965 0.33525862 0.24392173]
 [0.42083122 0.33526492 0.24390385]
 [0.42086015 0.33525908 0.24388077]
 [0.4207905  0.33526895 0.24394055]
 [0.42077844 0.33526836 0.2439532 ]
 [0.42091866 0.33527367 0.24380767]
 [0.42082321 0.33527061 0.24390618]
 [0.42083775 0.33526517 0.24389709]
 [0.42083453 0.33527243 0.24389304]
 [0.4209097  0.33526328 0.24382702]
 [0.42078561 0.33525191 0.24396248]
 [0.42082039 0.33526123 0.24391838]
 [0.42082129 0.33525842 0.24392029]
 [0.42087104 0.33526363 0.24386533]
 [0.42083513 0.335263   0.24390187]
 [0.42076049 0.33525667 0.24398284]
 [0.42089417 0.33526931 0.24383652]
 [0.42084539 0.33526436 0.24389025]
 [0.42088369 0.33526557 0.24385074]
 [0.42084114 0.33526233 0.24389653]
 [0.42079811 0.33525195 0.24394993]
 [0.42081496 0.33525911 0.24392594]
 [0.42083916 0.33526556 0.24389527]
 [0.42089033 0.33526561 0.24384405]]
loss: 1.1307101905440613
t: [[1 0 0]
 [0 0 1]
 [1 0 0]
 [0 1 0]
 [0 0 1]
 [1 0 0]
 [0 0 1]
 [0 0 1]
 [0 0 1]
 [0 1 0]
 [0 0 1]
 [0 1 0]
 [0 0 1]
 [0 0 1]
 [0 0 1]
 [1 0 0]
 [0 1 0]
 [1 0 0]
 [0 1 0]
 [1 0 0]
 [0 1 0]
 [0 0 1]
 [1 0 0]
 [0 0 1]
 [0 1 0]
 [1 0 0]
 [1 0 0]
 [1 0 0]
 [1 0 0]
 [1 0 0]]
score: [[-0.16981098  0.1320066   0.0163615 ]
 [-0.16984539  0.13188456  0.01619729]
 [-0.1697247   0.1319134   0.01633468]
 [-0.16967705  0.13183439  0.01628964]
 [-0.16979689  0.13183702  0.01618756]
 [-0.17002793  0.13201108  0.01617637]
 [-0.16969466  0.13175716  0.01618938]
 [-0.16977227  0.13180689  0.01617602]
 [-0.16957388  0.13172265  0.01625727]
 [-0.16970496  0.13184402  0.01627577]
 [-0.16989497  0.13193579  0.01621013]
 [-0.1697721   0.1318823   0.016259  ]
 [-0.16970902  0.13176411  0.01618444]
 [-0.16989461  0.13198697  0.01626667]
 [-0.16969232  0.13175922  0.01619369]
 [-0.16974293  0.13191291  0.01631818]
 [-0.16977535  0.13189948  0.01627503]
 [-0.16987874  0.13204089  0.01633981]
 [-0.16977227  0.13191916  0.01629934]
 [-0.17000117  0.1320515   0.01624421]
 [-0.16977892  0.13192185  0.01629647]
 [-0.16987674  0.13196925  0.01626286]
 [-0.16976234  0.13197649  0.01637103]
 [-0.16986484  0.13197406  0.01627856]
 [-0.16964669  0.13194151  0.01643391]
 [-0.16998302  0.13206605  0.01627609]
 [-0.1697933   0.13200533  0.01637558]
 [-0.1697186   0.13190146  0.01632692]
 [-0.16992204  0.13205361  0.01631585]
 [-0.16997833  0.1319385   0.01614009]]
sf: [[0.28114017 0.38018994 0.33866989]
 [0.2811619  0.380186   0.3386521 ]
 [0.28117013 0.3801622  0.33866767]
 [0.28119249 0.38014429 0.33866322]
 [0.28117771 0.38017087 0.33865142]
 [0.28111348 0.38023802 0.33864851]
 [0.28120674 0.38014088 0.33865238]
 [0.281187   0.38016262 0.33865038]
 [0.28122837 0.3801111  0.33866053]
 [0.28118714 0.38015133 0.33866153]
 [0.28114518 0.38020172 0.3386531 ]
 [0.28117108 0.38016969 0.33865924]
 [0.28120356 0.38014469 0.33865175]
 [0.2811344  0.38020646 0.33865914]
 [0.28120658 0.38014056 0.33865286]
 [0.28116806 0.38016616 0.33866577]
 [0.28116706 0.38017202 0.33866092]
 [0.28112488 0.38020805 0.33866707]
 [0.28116326 0.3801732  0.33866354]
 [0.28110811 0.38023595 0.33865595]
 [0.2811619  0.38017491 0.33866319]
 [0.28114027 0.38020087 0.33865887]
 [0.28115231 0.38017642 0.33867127]
 [0.28114066 0.3801987  0.33866063]
 [0.28117344 0.38014771 0.33867885]
 [0.28110718 0.38023333 0.33865949]
 [0.28114254 0.38018593 0.33867153]
 [0.28117337 0.38015974 0.33866689]
 [0.28111705 0.38021876 0.33866419]
 [0.28113471 0.38022028 0.338645  ]]
loss: 1.1302513339282008
t: [[1 0 0]
 [0 1 0]
 [1 0 0]
 [1 0 0]
 [1 0 0]
 [0 1 0]
 [0 0 1]
 [0 0 1]
 [0 0 1]
 [0 0 1]
 [1 0 0]
 [0 0 1]
 [0 1 0]
 [1 0 0]
 [0 0 1]
 [0 1 0]
 [0 1 0]
 [0 1 0]
 [1 0 0]
 [1 0 0]
 [0 0 1]
 [0 1 0]
 [0 1 0]
 [0 1 0]
 [0 0 1]
 [0 1 0]
 [0 0 1]
 [0 1 0]
 [0 1 0]
 [0 1 0]]
score: [[ 0.24381818 -0.37847575  0.11325635]
 [ 0.24374452 -0.37847675  0.11317798]
 [ 0.24395127 -0.37883857  0.11321998]
 [ 0.24382409 -0.37847791  0.11326155]
 [ 0.24374399 -0.3784078   0.11321108]
 [ 0.2437505  -0.37846537  0.11318985]
 [ 0.24352012 -0.37824834  0.11305219]
 [ 0.24353368 -0.37827361  0.1130542 ]
 [ 0.24372112 -0.37858862  0.11309863]
 [ 0.24383262 -0.37860289  0.11320956]
 [ 0.24393007 -0.37884191  0.11319593]
 [ 0.24382009 -0.37855529  0.11321954]
 [ 0.24363188 -0.37831841  0.11313616]
 [ 0.24374916 -0.3783944   0.11322308]
 [ 0.24358414 -0.37837317  0.11305896]
 [ 0.24368737 -0.3781984   0.11325342]
 [ 0.24393417 -0.37852482  0.11335505]
 [ 0.24370208 -0.37844178  0.11315017]
 [ 0.24382421 -0.37848445  0.11325848]
 [ 0.24390632 -0.37876613  0.11320781]
 [ 0.24355948 -0.37838378  0.1130277 ]
 [ 0.24360321 -0.37820042  0.11316345]
 [ 0.24363953 -0.37816505  0.11321912]
 [ 0.24361977 -0.37820585  0.1131783 ]
 [ 0.2437505  -0.37846537  0.11318985]
 [ 0.243641   -0.37834767  0.11313153]
 [ 0.24378359 -0.37849907  0.1132084 ]
 [ 0.24367167 -0.37840012  0.11313835]
 [ 0.24362844 -0.37820158  0.11318956]
 [ 0.24374444 -0.37847405  0.11317921]]
sf: [[0.41419632 0.22230407 0.36349961]
 [0.41419034 0.22231701 0.36349265]
 [0.41426749 0.22223204 0.36350047]
 [0.41419717 0.22230273 0.3635001 ]
 [0.41417888 0.22232631 0.36349482]
 [0.41418895 0.22231747 0.36349358]
 [0.41413379 0.22238734 0.36347887]
 [0.41413911 0.22238156 0.36347933]
 [0.41420691 0.22230624 0.36348686]
 [0.41421857 0.22228454 0.36349689]
 [0.41426628 0.22223535 0.36349837]
 [0.41420965 0.22229312 0.36349724]
 [0.41415472 0.22235814 0.36348714]
 [0.41417709 0.22232718 0.36349573]
 [0.4141598  0.22235931 0.36348089]
 [0.41413948 0.22236431 0.36349621]
 [0.41421412 0.22227693 0.36350895]
 [0.41418101 0.22232921 0.36348978]
 [0.41419826 0.22230184 0.3634999 ]
 [0.41425175 0.22224968 0.36349857]
 [0.4141595  0.22236227 0.36347823]
 [0.41413279 0.22237898 0.36348823]
 [0.41412997 0.22237725 0.36349278]
 [0.41413507 0.22237532 0.36348961]
 [0.41418895 0.22231747 0.36349358]
 [0.41416033 0.22235262 0.36348706]
 [0.41419729 0.2223071  0.36349561]
 [0.41417157 0.22234017 0.36348826]
 [0.41413509 0.22237434 0.36349057]
 [0.41418988 0.22231739 0.36349273]]
loss: 1.1901621417843848
